structure(list(country = structure(1:33, .Label = c("Afghanistan", 
"Bahrain", "Bangladesh", "Cambodia", "China", "Hong Kong, China", 
"India", "Indonesia", "Iran", "Iraq", "Israel", "Japan", "Jordan", 
"Korea, Dem. Rep.", "Korea, Rep.", "Kuwait", "Lebanon", "Malaysia", 
"Mongolia", "Myanmar", "Nepal", "Oman", "Pakistan", "Philippines", 
"Saudi Arabia", "Singapore", "Sri Lanka", "Syria", "Taiwan", 
"Thailand", "Vietnam", "West Bank and Gaza", "Yemen, Rep."), class = "factor"), 
    continent = structure(c(1L, 1L, 1L, 1L, 1L, 1L, 1L, 1L, 1L, 
    1L, 1L, 1L, 1L, 1L, 1L, 1L, 1L, 1L, 1L, 1L, 1L, 1L, 1L, 1L, 
    1L, 1L, 1L, 1L, 1L, 1L, 1L, 1L, 1L), .Label = "Asia", class = "factor"), 
    year = c(2007L, 2007L, 2007L, 2007L, 2007L, 2007L, 2007L, 
    2007L, 2007L, 2007L, 2007L, 2007L, 2007L, 2007L, 2007L, 2007L, 
    2007L, 2007L, 2007L, 2007L, 2007L, 2007L, 2007L, 2007L, 2007L, 
    2007L, 2007L, 2007L, 2007L, 2007L, 2007L, 2007L, 2007L), 
    lifeExp = c(43.828, 75.635, 64.062, 59.723, 72.961, 82.208, 
    64.698, 70.65, 70.964, 59.545, 80.745, 82.603, 72.535, 67.297, 
    78.623, 77.588, 71.993, 74.241, 66.803, 62.069, 63.785, 75.64, 
    65.483, 71.688, 72.777, 79.972, 72.396, 74.143, 78.4, 70.616, 
    74.249, 73.422, 62.698), pop = c(31889923L, 708573L, 150448339L, 
    14131858L, 1318683096L, 6980412L, 1110396331L, 223547000L, 
    69453570L, 27499638L, 6426679L, 127467972L, 6053193L, 23301725L, 
    49044790L, 2505559L, 3921278L, 24821286L, 2874127L, 47761980L, 
    28901790L, 3204897L, 169270617L, 91077287L, 27601038L, 4553009L, 
    20378239L, 19314747L, 23174294L, 65068149L, 85262356L, 4018332L, 
    22211743L), gdpPercap = c(974.5803384, 29796.04834, 1391.253792, 
    1713.778686, 4959.114854, 39724.97867, 2452.210407, 3540.651564, 
    11605.71449, 4471.061906, 25523.2771, 31656.06806, 4519.461171, 
    1593.06548, 23348.13973, 47306.98978, 10461.05868, 12451.6558, 
    3095.772271, 944, 1091.359778, 22316.19287, 2605.94758, 3190.481016, 
    21654.83194, 47143.17964, 3970.095407, 4184.548089, 28718.27684, 
    7458.396327, 2441.576404, 3025.349798, 2280.769906)), row.names = c(NA, 
-33L), class = c("tbl_df", "tbl", "data.frame"))
